9753
7531
1357
8642
2468
9361
0246
9305
9702
9896
9308
9690
9597
9704
9205
9394
9490
9897
9407
9108
9204
9701
9602
9593
9794
9591
9697
9503
9890
9390
9395
9105
9192
9302
9703
7524
9796
9201
9895
9097
9103
9198
9793
9791
9792
9405
4713
9893
9604
9403
9803
9296
9695
9806
9310
9095
9107
9104
9206
9401
9498
9501
9306
9304
9295
9408
9196
9207
8631
9694
9495
9293
9402
9598
9608
9493
9594
9603
9506
9601
9391
9492
9297
9607
9397
1368
9892
9698
9891
9291
9804
9106
9610
9605
9502
9096
9596
9810
9807
9590
9208
9508
9298
9497
9193
9491
9802
9098
9798
9197
9706
9708
9092
9094
9091
9705
9190
9592
9301
9790
9507
9396
9290
9691
9203
9795
9894
9801
9406
9692
6482
9307
9410
9504
9693
9805
9195
9710
9093
9294
9392
9496
9194
7240
9398
9102
0298
0397
0493
0697
0892
9707
1093
0193
9101
0896
0491
0693
0593
0795
0598
0497
1096
0897
0498
0394
0792
1092
0596
0891
0695
0295
0791
0597
0698
0894
0691
0495
0798
1094
0895
0395
0391
1095
0192
0594
0398
0197
0694
0692
0196
9303
0591
0796
9010
0195
1097
0794
0294
0198
0297
0793
9505
9202
0194
0893
0291
9606
9404
0296
0496
9808
0396
1098
0592
0492
0293
0392
1597
3692
0696
0595
0494
0191
1090
0292
0898
0393
0797
0328
0913
0823
1204
0629
0217
0425
0523
0529
0719
0427
0925
0914
0231
0714
0512
0623
0315
0928
0216
0327
0524
0214
0621
0725
1203
0721
0417
0628
1023
0415
0324
0831
0819
1027
1208
0912
1207
1028
0423
0624
0528
0713
0729
0326
0215
1206
0825
0726
0325
0519
0829
0513
0619
0426
0821
0813
0627
0926
0314
0429
0526
0416
0412
0916
0318
0625
0317
0915
0718
0716
1029
0615
0923
0431
0715
0931
0419
0517
0814
0712
0514
0812
0428
0631
0312
0518
0319
0826
0817
0723
0521
0924
0921
0614
0918
1205
0917
0613
0731
0213
0527
0728
0927
0816
0316
0618
0824
0219
0724
0413
0329
1209
0827
0612
0617
0218
0421
0516
0418
0815
1025
1026
6420
3579
9683
9327
0306
0506
0502
9138
9674
9473
9721
0907
9172
9673
9142
9860
0906
9841
0929
9576
9856
9256
9620
9014
9043
9245
9682
9672
9541
0908
9387
9573
9082
9625
9582
9716
9271
0106
9760
9031
0608
0507
9056
0301
0405
9158
9487
9061
9527
9150
9816
9365
9386
0309
9314
9174
9532
9867
9415
9421
9423
9026
9356
9534
9671
9154
9175
9248
9120
9047
0717
0414
1020
0904
9324
9618
9352
0809
9431
9472
9627
9724
9837
9614
9418
9340
9437
9167
9452
9184
9140
9027
0801
9460
9648
9137
9763
9371
9261
9286
9127
9152
0403
9615
0108
1018
0212
9530
0107
9746
9684
1014
9715
0601
9180
9374
9276
0504
9143
9280
9564
9425
9342
0131
0807
9713
0902
9785
9780
9074
9156
9462
0903
9178
9312
9215
9237
9317
9124
0828
9826
1030
9827
9253
0703
0525
9081
9650
9238
9384
9341
9728
9265
9257
9130
9375
9587
0727
9436
9017
9018
9078
1017
9854
9052
9328
0702
9764
9381
9247
0508
9037
0406
0203
9520
9457
9182
9825
9836
9685
9163
9731
9348
9480
9782
0803
9783
0905
9062
9658
9241
9768
9360
0104
9670
9281
9628
9053
9470
9268
9187
9640
0204
9051
0209
9146
9016
9863
9730
9720
9563
0616
0701
9580
9523
9162
9217
9382
9714
9653
9270
9812
9824
9526
9735
9128
9168
9367
9609
0201
9260
9681
9465
0424
0407
9284
9842
9641
0802
9173
9481
9723
9732
9087
9834
0515
9809
9428
9583
9675
9309
9814
9164
9378
9045
0307
0607
9709
9351
9561
9315
9385
9572
9815
9786
9482
9132
9467
9548
9853
9483
9084
9412
9148
9584
9712
9034
9046
0509
9054
9461
9537
0602
9073
9028
9471
9560
9086
9784
9285
9862
9478
9463
9413
0603
9065
9186
9485
9857
9748
9438
9817
9370
9865
9346
9835
9652
9368
0105
0503
9524
0205
9718
0901
9013
9035
9743
9274
9287
9235
9542
9540
9278
9417
9821
9067
9320
9430
9071
9538
9745
9571
9426
0704
9209
9364
0604
9145
9064
0806
9761
9645
9651
0409
9624
9263
9547
0109
0206
9621
9216
0626
0706
0708
9038
9562
9072
0308
9283
9612
1015
9846
9236
9254
9058
9617
9781
0208
9083
9687
0323
0402
9157
9738
9486
9509
0305
9536
9325
0818
9136
9109
9057
9042
9725
9820
9076
9250
9409
9680
9450
9657
9647
9185
9843
9427
9275
9358
9830
9581
0919
0804
9742
9847
9435
9021
1019
9578
9734
9643
0605
9762
9218
9251
9623
9243
9813
9231
9170
9845
9823
9726
9376
9568
9613
9023
9354
9350
9153
9165
0401
9347
9075
9213
9528
9134
0805
9085
9380
9851
9831
9316
9832
0103
9041
9240
9068
0408
9267
0705
0302
9740
9586
9453
9570
1202
9372
9264
9015
9574
9025
9521
9850
9183
9126
9458
9362
9476
9063
0313
9176
0709
0501
0207
9160
9318
9475
9326
9451
0102
9736
9861
9273
9214
1013
0304
9032
9416
9230
0609
1016
9125
9546
6892
2096
6795
8591
1296
9535
2894
8496
8194
8693
1497
8790
4396
9656
3096
9323
4392
8794
6490
8495
2091
9060
6592
7493
5293
6398
8791
2597
1395
2891
3198
4698
8091
1293
2790
1695
8093
7194
7394
3891
3295
3594
5894
5394
4298
7294
4795
1490
3490
7498
7693
4398
1392
8297
6093
9343
7091
7590
9727
2193
6790
5392
9050
5297
4893
8691
9838
2097
9313
7592
4596
3192
6290
8597
3194
2590
4892
9818
5691
7192
5496
4095
5397
8795
6397
1498
2793
4695
5091
7098
6190
4895
6792
8793
4297
1394
1792
6495
3590
0790
9151
4791
1493
4691
5291
9171
5390
3098
7293
6497
2796
2490
2798
8096
9717
8394
4598
3291
9353
8491
2391
8295
2398
1295
1396
4295
9363
8192
2098
5693
5892
6392
7290
9747
4593
8590
7195
6297
8690
6092
5198
8094
7094
7190
7490
2498
7095
6593
8594
9868
7295
9212
6598
1796
9020
2495
8391
4091
3190
1496
5698
4098
0890
3092
2194
9787
6793
8592
7396
9252
3294
5896
8492
5891
4195
8792
1698
3798
3094
9383
8291
4792
9121
1897
5193
9616
3794
3097
6498
8390
6295
3197
6394
3897
1297
4692
8596
4197
9767
1794
6293
5290
3795
9242
8593
2093
6890
7596
2395
2094
2795
5196
8195
2596
5398
1690
3791
8296
5493
3095
8095
2896
3596
3491
9454
9484
6395
5690
7093
6197
6095
2497
8395
4897
6091
1492
5298
7495
7395
0290
6791
2396
9282
2493
9676
5890
1893
5197
7298
5396
5697
2593
5093
8396
1896
5096
1397
6894
5190
0190
8193
6794
9181
3298
5098
9424
4590
5492
6891
7692
2195
2691
7694
5694
4296
7593
5192
6294
2095
7390
6195
9646
2197
5490
7291
8796
3790
1398
1692
8397
6098
6192
9434
2893
7691
2697
7491
6193
6492
8692
3892
5692
7598
2491
3894
2698
1694
7492
4693
2693
9474
9626
1890
4192
4592
9858
1892
3497
4293
9630
5893
0690
6591
2791
7594
8290
6194
0490
3796
6298
9828
2496
4397
8493
5294
3290
5296
8694
4798
5092
1290
6491
4793
8190
5194
9040
9070
1697
9141
4790
7296
7398
8392
5094
3195
3597
0390
2198
2591
1390
9525
8490
3592
3890
3297
8097
9373
2397
4198
6895
9131
1294
9737
7198
3895
1495
3496
3896
1795
8497
2196
6493
7690
1793
7391
3296
1254
3196
4096
3495
7196
4395
7096
3591
3792
4796
2694
3492
7193
7092
9464
8196
5491
4890
9272
4690
4891
1894
1091
2598
4697
4092
1790
4291
3598
4390
2794
4896
8695
2594
7496
9565
6097
0590
1298
2897
6291
4193
6893
6391
6594
2394
7698
2390
9030
6798
9232
7392
6094
3091
9161
9575
4190
4097
5391
8293
3498
9585
5498
4391
9545
6597
4591
2690
9262
9848
1693
7591
8294
7695
6198
4290
9686
8092
8697
5897
8197
6390
2695
4196
5497
9414
4597
6590
2895
1798
5097
6897
9080
2190
1895
4093
2890
6805
0872
0374
5708
1079
3702
2191
8710
1603
6905
7401
5191
7104
4191
1302
6201
4706
0172
0472
1069
8609
0941
0843
4810
3205
1074
0542
6807
4801
0253
8309
7090
7205
1905
7310
0275
3604
7403
6403
0382
0378
1032
0148
0186
4301
6797
1908
4901
7603
0347
0943
4507
7292
2506
2408
4108
8209
3908
3206
0467
0187
2403
2901
3108
0659
7602
5403
3105
0462
7408
0152
4307
0936
0839
2301
8906
0938
0582
0175
6408
0945
0637
6103
0264
6205
0732
0675
0137
0768
6105
0849
0537
1605
3509
5308
0781
0863
8907
1709
1607
3610
2601
1304
7506
5604
0762
2595
0168
0687
0583
4703
6108
0648
0475
2898
5898
0952
0164
0964
3106
1059
8310
7501
0751
3506
0142
6393
3402
1067
0476
3104
5806
7806
5207
1797
5107
4090
7103
1494
0562
3107
8903
0738
7810
5206
8604
1034
1049
5408
7605
3705
0461
5701
1804
8610
6708
1054
0572
7503
1502
0957
0136
0689
2409
1802
7402
1064
8797
4605
1409
0287
0978
3805
6104
5802
0681
0851
8607
0679
0764
0437
3602
3609
1309
8191
0984
5407
0534
8704
7305
1809
1704
1043
0859
0635
0143
1393
5301
0351
0748
0182
4103
5901
6501
1907
0953
0239
1904
1035
7201
0349
0564
0758
2797
0283
4708
0745
1083
7304
0574
3906
5907
8703
0185
0971
2807
5204
0937
4503
0785
8494
6803
3208
0571
5208
0756
3407
0862
0356
8905
5409
8510
7208
3907
7109
5106
3201
1087
0759
1902
4710
0267
0743
0783
3090
8105
1056
8305
0263
7393
0649
1703
6508
2494
1403
6902
0645
7601
3804
0153
3605
4806
0845
1609
2609
3601
7809
6208
0138
0359
4607
7508
7696
8502
2306
1402
0256
0578
2608
0189
1076
7206
6504
0471
2908
1803
2907
2804
6503
5807
8106
0982
0573
6292
3898
0576
6703
1706
1078
6709
7509
0954
5709
4107
0169
1037
2405
7204
0735
2090
1042
0865
5704
6494
5609
1407
3502
6109
0639
1045
5292
0749
3292
1408
8601
2810
1073
0973
0861
3204
2503
4595
4709
1702
2903
0734
0948
0381
3508
0763
2508
4705
8702
0348
1405
0961
4803
8904
0835
2706
3109
3901
3801
0641
2708
7604
3710
0342
2304
2310
8501
1085
0632
6510
0652
7409
4802
6502
0167
2393
1507
5307
1057
0871
5494
1508
0836
0179
0942
6898
0956
0832
0134
0265
0985
6595
1308
0145
4898
0962
0157
0981
4306
0869
0278
0682
5402
4608
2510
8103
1708
1696
6407
4309
3494
1506
5406
0289
0638
1805
7608
6507
3501
4610
8706
7801
8201
7209
6401
8504
7191
7905
8705
5603
0683
8109
0563
7301
0561
4393
3706
0837
0974
0634
5309
0947
3807
3701
1504
0847
0742
4902
8507
6804
4305
4106
3607
0539
0165
0284
8393
5306
6207
0752
0568
0786
0934
6402
6204
0946
1906
3809
1046
6107
0875
4510
1503
0358
0269
1406
6409
2704
5809
4797
4907
8104
0465
3797
2701
7105
4308
5601
3191
2696
6203
0658
0546
7308
0589
0739
0967
0384
0549
0236
2801
5696
3704
0857
0856
0346
0183
8207
0156
6509
0935
7595
2910
1047
5810
0684
2604
7106
6704
3905
4302
3102
5302
0371
0958
8902
3409
0453
3209
0873
0983
8595
6910
1038
0439
0469
2705
6705
2805
4702
1086
8205
0685
4609
0657
1089
0541
0452
0653
3806
0854
2803
7510
0376
7309
5904
7102
8107
5103
0251
3406
4501
0647
1903
0184
0276
7804
3708
5090
0132
0173
2509
3709
5410
0834
8506
5203
6908
8304
4696
0479
0268
5108
4105
4807
7108
3904
0385
3504
0478
0271
0754
1509
0674
0867
1068
5209
5710
4603
0536
0761
8696
0158
0261
0279
0285
2709
0139
0372
0671
2307
7803
0784
6702
5703
1065
0438
0254
8605
6710
2308
2605
0976
0259
2610
0842
2501
0154
0874
5706
5804
7494
4102
5393
0435
3401
0853
1084
8910
7504
6810
8410
6701
1604
5109
0178
7502
6801
0281
1307
1898
7903
8509
1075
2305
0273
4905
0174
0457
5803
1053
6809
0547
5201
8306
0965
0587
4601
0473
7902
5104
1705
8302
8901
7802
4292
2809
7805
0879
0584
7904
0451
6901
8204
6102
0736
2507
3595
4701
0841
4908
2905
3902
5801
8102
6904
0986
0352
0163
2607
6090
1039
0673
4910
4506
0782
8603
0581
0341
2504
8709
0375
0846
2410
0532
3410
0643
3802
0463
2407
4809
1072
6310
0769
7910
8701
7906
8301
0387
5910
0286
2703
4508
0538
2806
2309
0459
0379
1063
6410
5102
0436
3207
1305
6903
0389
0672
0149
5304
0458
3608
0238
0237
7306
1052
2904
5906
6191
3510
0968
1082
7908
2401
1058
7406
1306
8503
8203
1608
2603
2710
5401
5903
4602
7901
8307
6405
7203
4310
0586
6802
0386
0146
8292
8602
0235
1806
1292
0274
0569
0746
3910
7405
6907
6209
1602
0257
0651
7302
0354
1807
3507
3405
5702
5908
4805
8090
3408
4509
2406
5602
2906
4903
5607
5902
4109
4906
4502
0548
0162
0972
7610
5610
0932
1062
5608
8206
0176
7609
3810
0686
6808
0575
0430
0747
4909
7303
4101
0272
7606
0730
0710
8505
7505
2303
0939
0343
1410
5909
6505
1909
1810
0737
1310
4808
6909
0454
7101
8202
1040
3404
1303
8707
0767
0979
0565
0810
5707
6202
0252
8303
0171
2707
2505
7202
7896
1707
0610
5808
0383
5303
8010
5010
0410
0130
0320
3707
7404
1808
1404
4303
1510
9210
0535
6404
1060
1070
1050
0848
3505
8909
8101
0282
2404
0787
0858
0757
0820
0989
3606
0838
0545
1505
2606
0646
0949
0474
8606
3010
3690
3909
0868
2581
1710
2909
0151
6010
0373
1021
0878
4010
0310
0230
5101
0920
0262
0585
0656
0510
1610
7808
0161
0720
0830
3101
1910
2808
4606
1031
0434
0464
0181
0232
9510
0969
0636
1606
0369
4505
3808
0353
0910
0620
0930
1080
0676
1201
2010
6101
5606
3202
0520
4707
5202
6707
0530
0959
7010
5404
7909
0141
9569
9039
9649
9819
9349
9200
9729
9749
9429
9002
9005
9289
9479
9629
9549
9700
9739
9029
9001
9239
9679
9769
9904
9259
1213
9459
9901
9300
1219
9996
1215
9006
9419
9179
9906
9359
9907
9859
9689
9100
9189
9539
9997
9902
9869
9849
9995
9719
9600
1214
9529
9908
1216
9994
9800
9110
9219
9905
9269
9319
9079
9004
9400
9489
9249
9069
9007
9279
9329
9439
9910
9389
9089
9829
9990
9991
9619
9839
9019
1218
9993
9059
9659
9379
9129
1217
9903
9169
9992
9139
9469
9500
9049
9149
9998
9003
9589
9008
9595
9393
9494
9090
9696
9797
9292
9898
9191
4572
1375
2574
3685
1482
7851
7953
4594
2092
0991
9900
5295
7397
2592
7197
0995
8298
0096
6896
0599
5395
4194
1791
3193
0994
3293
4294
0993
1099
0097
0996
0899
4894
7297
2492
8698
0399
7597
2692
0199
3493
1391
7497
0095
0093
8398
2892
0699
5695
8598
5495
7097
5895
5095
8198
6396
7697
0092
4694
0299
1491
4394
3093
2392
0499
8798
0992
1291
2792
0997
0091
3793
6596
0094
4094
5195
3593
0098
0799
0998
3893
6796
2192
6296
8498
8098
6196
1891
1691
6496
6096
4794
9637
5084
2784
4250
6251
3180
8253
7025
2176
8508
7934
8539
6473
8723
2067
5620
4217
6589
3768
4537
0680
2841
8915
2419
3103
5805
3485
4625
5928
2974
8150
4653
2783
3781
3158
2683
3972
1930
5081
8946
4721
1457
5072
8621
2813
5268
6389
1869
4089
6184
4730
6827
7160
4953
8613
4173
6520
2149
6412
2578
2914
8274
5342
2314
4871
3547
1958
2143
5169
5320
8213
8479
1273
1582
2739
4870
5786
6245
1536
3461
5148
3625
1801
8169
5360
3960
3021
5243
5463
7932
5473
8256
7589
6985
5746
3819
6513
5732
6527
6351
1723
3926
8629
8735
5739
6913
7153
6874
1532
2174
3064
2675
5873
8034
4917
0860
1061
6374
5278
2934
6081
5924
8340
1872
5426
6312
2834
0380
6835
0099
4213
2547
1743
6528
8364
2983
4816
1469
4971
8462
7138
6457
3724
4287
3618
2380
4386
5029
6728
8350
8312
8673
5836
7548
7648
8943
7148
3169
7143
5762
4570
6148
5760
3627
1635
8327
3260
2063
6217
5826
4958
3129
5019
1537
4760
4768
8460
5763
3241
1843
3624
3518
8451
5470
4251
7925
6215
3703
2164
6745
8176
8721
7923
6842
2189
6925
3712
2714
8419
3245
4526
8132
3427
2541
6341
6071
2385
3582
6124
6918
7451
8564
4360
3286
8356
0750
6806
2518
3462
7245
5480
1836
5136
4756
7962
2786
2631
6820
4673
8027
8230
3046
6057
6183
2546
8239
6982
4280
7341
7389
2071
8023
1862
6459
4751
7038
2157
6059
7254
0531
7368
6952
5162
4019
8576
8130
8514
7023
5364
2418
5064
2154
7284
2134
7914
5143
8674
3079
2039
4315
2640
7586
3179
2457
0125
5419
3564
2850
5372
4150
1732
7562
8153
5405
2635
1459
4052
5471
5638
2437
2365
5237
4869
5640
1340
3067
2638
8976
5021
7235
5984
5039
7521
7423
3428
7328
1071
3865
1728
1659
1976
5027
1389
3172
2938
4532
3924
1950
7046
1285
4182
5073
3203
3714
7132
3587
6189
2687
6271
6417
8157
6249
2865
5761
4031
2061
3240
6532
1865
3940
7913
5063
3065
4062
6314
4931
2413
3560
5241
1257
8719
5362
2634
0780
1940
4982
2653
4613
3918
5086
6270
1682
4839
4729
6349
6849
5270
2618
3054
7218
6819
8349
2183
6219
6524
3758
2849
7520
7863
1953
5723
7068
8249
7682
3069
2378
7640
0570
7823
5376
4812
5274
3186
8623
1324
1936
5386
2839
7835
8926
8924
7489
3816
5814
5017
8271
6318
3986
3679
7185
4130
5163
6074
4028
1587
3581
3803
2075
1301
2364
3589
8759
6142
5832
8279
6430
3145
1620
8069
4276
3650
7540
7362
1274
1287
1527
8140
6953
3749
3062
2768
3165
4716
3920
7280
8450
7950
8471
5972
7043
6187
1623
2371
7907
6031
0580
4672
1934
4032
7940
1879
3946
3981
7184
3056
6943
1984
6830
7056
8174
4186
2069
1859
1924
6140
7281
8429
5874
7842
1486
7029
7912
7039
8970
8931
6437
3087
4752
4257
8031
7250
4512
1853
2384
3278
8930
7358
7632
1628
7165
6038
5631
7107
8962
3015
7514
7829
1248
1925
1720
7215
1873
8540
6243
4175
4820
4285
6812
4160
7140
2358
6970
1926
6089
3126
7812
8435
1289
8026
7164
7283
5217
1365
1629
7958
3629
1685
7146
7126
4076
7564
2031
8751
8315
4832
4358
6247
8019
2016
4781
5134
5079
7269
5934
8716
1342
6354
4318
3068
6870
3085
4256
3715
1429
2673
3675
2317
8964
2649
8736
5627
6817
3289
8945
7231
3285
4960
6174
7981
5612
2679
8731
1245
2968
2485
4620
5172
3520
8729
8021
4728
4376
7526
8423
7814
8164
3879
7516
7169
3182
1754
4351
7841
1360
8651
2087
4038
3042
6342
5413
7620
2736
3412
8017
6438
7482
1837
7062
5182
8142
7061
4857
5120
5384
2873
8961
5281
2163
6289
2486
5738
5138
5748
8470
6149
4853
7385
4219
5037
6027
7081
6029
7649
6178
5183
2719
7948
6372
1329
7541
1875
1768
2643
1786
2869
1967
2836
7162
1860
4218
8170
3164
3185
7568
3728
2315
2370
5167
1980
3812
3964
8635
7481
5389
6534
2078
8675
5348
3178
8346
7139
7685
4081
8935
2438
6915
4769
1401
8956
3719
6748
2931
7316
3027
5719
6825
6419
4087
5968
3517
2018
2316
6537
6734
5718
1376
5176
1041
7839
7618
6937
1923
3875
1942
4167
2054
8679
7624
5687
5623
5142
7845
5821
3247
5368
4950
6278
4261
1276
4025
6732
7983
6472
3150
1436
1827
7325
2076
5863
3486
6348
8952
2034
8749
3549
7042
6815
0470
6284
3681
1462
4580
8075
2740
7051
5361
7807
3950
6130
4750
6287
6573
6279
7621
8059
1384
1854
5681
5829
3615
2165
2967
5164
1260
5920
1920
3025
8542
6021
3846
6182
6329
6259
5128
6984
1539
4739
2863
6518
6872
7430
7641
8217
8342
7956
1643
0970
3971
3281
1530
4623
5961
4382
3568
5483
2619
1653
7680
2961
8270
3264
7865
8071
6750
2081
8608
5918
8367
7834
2973
7869
7289
2715
1684
7569
2738
1580
2950
5871
5648
8014
2971
1938
1874
1372
0640
2816
5861
6480
4317
7219
5639
2614
1734
2014
8913
1564
0980
2947
7458
8235
2860
2658
7180
4923
6328
5960
2160
7015
8431
6179
5013
7635
4736
4758
1524
2170
4517
4861
4920
3268
3942
6582
2685
3174
8940
3426
7629
7643
5983
7480
6359
7350
8563
6084
6759
1247
5460
7830
1280
2743
2074
5378
2965
8015
6280
8216
3274
2089
4862
3716
2549
3487
4063
8650
1726
3403
8617
8936
6735
3071
8047
4983
1601
5981
7120
3670
2674
8156
8254
1927
6073
7016
2815
2639
6078
2564
0950
2359
7018
3742
7463
1320
8236
4652
2902
8570
4827
3752
7518
2684
1937
6521
1328
6854
5032
3761
2814
6571
1968
1526
3945
8476
6932
7832
2943
8241
6137
8426
2046
8953
6875
3049
5382
2167
2430
7583
3961
6942
3471
4253
3156
4571
8740
1658
1724
2835
5971
5489
2750
6173
7507
2481
4127
6041
1279
7684
1534
8413
3120
5247
6128
2918
3480
2953
2870
2140
8134
6324
7251
2958
2536
1465
0670
4671
4723
5149
6829
1529
5768
2057
8215
8436
1549
3928
8967
6940
1024
7359
8625
7681
5834
6453
4735
2645
8052
1742
7182
6418
4270
5942
6954
3829
7581
8265
1928
2758
7683
6831
2435
2374
6487
3871
2041
4380
8475
7256
6241
6235
1249
3276
0124
1857
6127
3658
4972
6583
3475
4850
3941
4215
3014
5347
1452
6843
5749
7625
3648
1832
5467
3718
7584
7150
7085
7918
8715
6972
8549
1945
5129
7069
6285
6859
7089
4053
4639
7086
2473
4513
7942
2361
3124
6180
3915
3489
3862
1426
8079
1563
1657
4126
8569
8275
1957
6253
7189
8016
5932
6053
3569
1782
5423
5947
3152
7836
5634
7549
6834
8259
5973
1647
2940
8415
3860
7560
4165
1769
8927
3187
8756
7968
4069
7512
2519
5461
5087
7125
1240
3287
4304
8972
4813
4587
2084
8264
4189
4631
6924
8129
5279
3967
6382
2613
5230
8908
4153
8634
1467
4658
2513
5140
6042
5046
3184
5146
4235
6751
7059
1740
1569
5139
4381
7286
5720
1970
3954
8362
3641
4916
7340
7623
5827
5846
1256
6037
4268
4162
2045
5273
1380
3640
3075
4125
8376
1367
5921
6930
1374
7214
5964
3417
4527
3745
7961
4231
8746
5867
2534
7459
8612
3472
3841
8912
6025
2375
1253
7582
2637
8708
5328
1489
0350
3257
4738
6928
3261
1259
4365
2560
3271
5729
6950
4837
3867
0370
3870
3529
2960
4350
0850
0260
7563
2819
2302
3746
6912
2156
3854
6185
4156
5613
7241
5283
6237
5219
1573
3503
8712
4978
5841
3154
6512
2946
6214
3628
4379
7031
5289
6539
8561
3827
6435
4319
8467
3016
1378
5067
8571
2563
1427
2730
3429
6981
6714
5926
6013
4912
5941
1749
4718
5421
5071
8973
5734
4368
8136
6283
1973
5913
6273
8314
4932
2718
7519
0460
7149
4518
7425
4618
4637
3651
8043
1954
4387
2319
1648
8320
1824
5187
2389
5231
6743
1437
1758
4371
2734
6230
6927
4762
5327
5917
1935
5689
5482
5614
7528
7820
4539
3142
7421
7436
6853
3917
5784
6572
6483
7065
7853
2517
3672
5174
4356
7130
4137
4085
6240
4785
3814
1672
8316
4632
5260
3621
6581
1327
2368
7163
8536
7364
8754
5271
2764
1364
5239
1286
2085
4726
5130
4183
6375
6054
3850
2381
7019
7580
5031
1983
7483
5078
2458
8425
6821
2376
4935
7186
4578
8724
6384
7348
8463
3248
7619
4078
6948
4236
3251
5948
7034
3168
5705
5914
4278
7461
4936
2936
2514
4875
7318
2068
8053
1520
1847
5823
1650
8417
6023
8461
5684
7960
6150
3851
3671
5486
2680
5837
7230
5462
8317
8172
3603
1763
3082
8954
4265
4867
5014
5068
3250
8572
1960
3780
6052
3167
3249
8352
8240
6934
7982
7638
7935
8950
7380
1425
7285
7145
4239
6415
1652
6132
4158
1725
2137
3754
5986
1576
8261
7452
8573
4238
4980
7819
3965
7920
4529
5236
2785
5105
5076
4628
6275
1546
5870
8465
4185
2731
3089
7813
2970
4851
4921
7946
8916
7238
1540
5089
4352
2760
3956
6485
2470
7429
3280
3527
7083
5267
8615
3968
2059
0128
4170
6721
6014
5780
6120
1689
6047
5340
6584
7041
2571
5930
7426
8324
2451
4237
6489
6519
5326
6730
5026
7324
2651
6327
5740
3927
1986
1568
6724
2754
4819
4359
3047
6813
2186
7128
7529
4985
2038
4962
3820
8165
8574
2745
5367
6028
1584
7645
1735
1572
1583
1624
6045
6134
5869
4286
4271
5617
5170
4928
7945
6530
7634
8379
5041
5820
8029
8750
3074
7158
8167
8273
8073
7825
8920
4120
5286
8231
4061
8917
8127
4761
4372
8624
4615
2641
2861
3614
3859
8049
3750
6018
7816
6742
7928
6857
7921
7952
3058
3460
2859
3782
1435
7365
6837
1846
4169
4021
5872
7614
5927
8035
3084
4375
7849
7384
1562
6431
7931
5132
1750
8067
7382
4260
3051
3127
7259
2851
6879
3467
5269
2569
4835
4026
8632
8960
1820
7965
1586
2019
3256
7850
2175
2647
1759
2318
6143
8541
7342
4938
6713
4216
3657
1501
2548
5716
3541
7431
2379
2179
4904
7631
5782
4083
6087
3726
2065
5184
2748
7964
4530
6719
0540
2713
1962
5412
1325
3478
8120
8013
1430
4273
3542
8714
8965
1051
6580
7265
4831
6238
3680
5346
4860
5379
6015
7263
4129
5284
4627
6578
8175
2130
4068
1730
7916
4651
1270
6723
2502
3682
4915
7312
3041
5781
4163
8145
6917
6823
5062
8152
2954
6379
7859
1362
4180
8547
8732
1326
3921
2387
5905
2478
8163
4573
8076
4821
1932
5417
1901
6739
0127
6371
3416
2915
5618
8657
8247
8025
4015
4650
6325
6370
3845
6138
6851
8421
7136
7253
8730
6019
1680
4519
8734
4051
4670
1764
8037
6072
4275
1278
3751
5476
5238
6725
2540
5074
4279
5416
3140
2360
2749
5264
5724
5728
5632
0180
4528
7351
3784
4027
4017
8530
2415
7152
7469
3815
3254
7485
3265
3861
7349
3740
3086
0129
5843
2047
2539
6517
3619
1263
8154
7356
5978
5418
4956
1850
5824
3026
2367
5387
3175
4863
4635
7124
2964
8472
2386
1275
4132
8108
2867
6380
2981
5216
5276
4804
7453
4312
5937
7063
2780
4259
6170
4873
3580
1283
1673
3419
3952
8412
6248
6315
1783
2037
7561
8457
0250
0321
3162
8637
7013
7054
5764
4039
4952
3847
3425
6239
3284
5970
6749
1382
8061
5429
3980
4018
1349
5126
5287
6034
4056
2984
2459
3957
2356
5341
4976
5916
1627
1649
1423
3149
3469
6106
2916
6083
2871
8752
2854
6529
5038
5083
8743
1746
5812
8427
2017
5214
0740
1823
8347
8162
8725
4230
8469
4604
2573
4281
7307
1839
1762
5479
2187
7860
2158
1632
2845
5160
2035
5127
8659
3720
7028
4859
6720
8914
5819
7354
6043
1675
3561
3029
1265
5683
2941
5860
0340
8359
2417
2935
4826
3081
3514
8149
8139
6814
6839
4179
3842
1485
8319
3586
3984
1450
1385
4086
2843
5605
7407
4082
2354
4283
2476
5261
8051
8374
7360
3948
3725
4523
2169
1625
1947
5016
4037
4583
5879
2576
2735
1978
7264
4289
0270
6971
3421
4521
2670
7154
1870
3824
4071
2716
3176
6358
2856
2650
7438
7243
3481
4029
4823
7815
4057
5936
7639
7142
6125
6845
4582
8620
8326
8124
2756
2930
6317
5180
6320
1267
3028
8063
1784
2853
6274
5849
2957
4059
4187
4719
1243
2148
3976
7352
2516
8354
5371
5680
4035
2913
5173
7824
6740
8937
6914
1386
2073
6039
7084
8125
2681
3786
4973
6213
2976
5721
4679
7856
6452
7045
4361
3470
1739
3482
5374
3825
3687
2146
7239
4589
7156
2043
8039
2351
5624
6154
7924
8371
2937
1379
2150
7134
7346
1687
2185
4704
2483
2831
3762
6175
7236
2615
4520
6957
8325
5324
5487
6738
5042
1480
5982
3759
7386
1483
3170
1982
8214
6931
1548
2180
1250
6514
8375
8269
2751
5427
8245
0960
3479
8452
0170
6471
4267
5713
6906
1729
7329
4079
5428
5831
5168
8263
1348
8065
5980
4715
4128
5938
5240
1683
4016
0940
5726
0760
8639
2879
3157
7486
5912
5472
8416
3528
1574
7439
7460
6475
6958
2570
3072
5974
3076
8045
5714
1463
5179
3857
4139
7915
2837
6439
6158
4370
3849
7326
3059
2053
8971
4970
1347
5082
6470
3659
6152
5305
8126
5743
5280
8923
6257
2136
2168
0140
4168
7213
8670
6729
2763
5943
6049
6941
1785
4829
7183
5621
4538
3947
5783
1460
1639
5813
6017
2956
3267
8042
3925
7985
7943
7628
4152
3620
5380
3562
1830
1825
5742
6406
2846
4720
3974
5137
6973
3958
8713
2049
5478
2056
3674
5043
7320
1269
1453
3645
5481
8250
1826
2439
2781
8072
6587
3275
2945
5248
8179
8652
8932
4263
8742
6921
4763
7248
4389
6058
1952
2817
1645
5862
1956
7319
1863
4581
3689
1679
0650
5329
2948
7168
8720
2980
7462
6387
7052
8370
3057
6715
5047
3540
8745
6850
2153
5839
4367
8173
7381
6980
2617
8257
6206
4629
2538
4385
1674
7821
6983
7980
8726
7926
8614
5682
8219
1756
2746
7053
3146
2139
2530
3548
1578
3914
5643
2761
8251
7941
4075
3017
3125
3903
5189
5816
1834
6974
8351
2064
5946
1589
6758
8974
2568
6085
5381
6718
2830
4926
3756
1387
6231
4930
4927
6032
6347
6731
8361
5263
8064
1346
4067
6479
5976
5124
0280
8653
1948
0450
7216
6712
3962
8957
4178
8672
3872
7831
4619
1487
6574
3617
4965
4023
2537
5637
6506
8439
4073
7049
4176
2702
3826
5218
6935
4269
3516
3978
1523
5629
8308
3649
4638
4516
8372
1640
8276
1736
3259
8360
4830
1835
8537
5730
1458
4783
0126
8243
3465
4782
2013
4731
7613
3721
4362
3821
1964
1438
4780
3764
6281
4968
1845
7064
1943
3769
2659
7035
7938
1745
1528
7612
3078
6129
5712
1946
1867
4621
7862
5923
7936
4065
3729
1748
2857
5628
3279
5469
3052
4058
3916
8056
1974
3476
1701
7268
6075
5736
1538
5647
3128
6871
6538
3519
4786
5018
2978
6923
8947
6378
2138
4817
6172
7082
5769
1638
8137
8921
8473
2917
2602
7207
6319
7261
4879
5023
4617
6458
3785
8532
6035
8054
4725
1560
2145
1856
5349
3584
3418
3524
6754
8260
7450
4136
7846
6350
8562
5061
7260
2479
5049
3970
2475
4981
5830
2986
4836
6920
5034
3269
7032
1738
7607
6523
4732
3856
7861
4918
8267
8942
7513
3982
2480
7428
1849
1842
6752
2178
2015
1760
3526
5962
8430
7843
3748
6832
4657
3912
3018
5178
2561
6385
6938
3415
7615
2431
4157
8146
6706
4856
4536
5967
2453
6153
6450
3019
5069
7546
4913
3817
6157
5940
8074
7315
3869
8365
1670
4612
8934
4138
4504
6254
3045
8160
3684
6079
8032
8619
5205
6873
2671
1268
8341
3652
2173
6413
6945
5213
3546
2657
8546
6847
4865
5186
6451
4986
7523
6947
8513
8517
4815
4872
3521
6145
7854
5842
6381
8739
8459
7542
4013
3160
8437
7954
8925
8041
5817
7930
4172
7361
2471
4937
5931
6570
7021
6824
1547
7249
2489
4967
1780
8453
1570
0560
6340
4378
7435
8671
2875
4825
5641
2648
1284
2051
8237
1752
3760
2079
4961
3647
5847
3061
2874
8512
1634
2985
6082
3612
1081
2184
8046
5370
6250
6352
8519
4712
0160
4675
2436
4759
6139
6051
5249
8627
2847
7314
1542
4659
4316
4576
1985
8941
2450
1439
5649
2769
1370
4104
1972
1428
3874
4072
2350
3270
2083
7826
6481
8560
2759
2086
1829
8534
7058
1965
4586
7986
8208
1264
5619
8329
2802
7129
2689
7026
5028
7465
0999
8516
4925
7689
6478
3512
8143
3985
4957
3148
0870
6218
0150
7984
7014
1637
6841
8062
5731
2058
6978
8057
2416
2487
3189
2402
7075
3252
4353
3139
9678
2028
1008
6141
2827
5154
5259
2757
6365
5051
0611
5727
8680
2026
3171
7262
1816
5856
7919
7818
2120
6050
3235
2829
7929
4070
7525
5658
6535
8727
3632
8464
3730
4525
1828
0622
5787
5080
5474
9875
6160
4146
1106
7971
7363
4383
8381
8780
7078
6361
9635
3935
6068
7375
4941
3747
1242
2920
8676
3868
3431
9873
1545
6949
2529
4943
3237
4161
1314
1315
4841
3181
4249
4342
1518
1412
8232
0322
5859
0224
6769
7686
2848
8040
1434
6961
4948
6560
3438
1819
7578
2565
9751
6040
6242
2717
7141
1767
1517
7376
7972
2728
8353
1343
7472
1252
2429
9654
4947
4363
7020
5857
2128
1565
5838
2923
2515
8575
6064
3242
0922
5979
2818
4676
8929
4748
5254
9518
4946
7679
1012
2141
4858
5212
8483
1363
7585
3031
4248
2820
8684
2328
1615
3878
1817
5359
9899
4548
1656
2021
8262
6965
7873
3060
6959
8283
2921
8682
8180
3539
7050
6131
1787
3639
6747
6167
9756
4749
6163
3930
5850
9012
2729
1022
3736
6070
6465
4842
8685
1686
4541
1484
7868
3937
7060
2425
6474
6867
3727
8982
6414
6515
4142
9258
6727
3238
8252
5352
1719
2624
3638
8545
2868
9632
5157
2925
4171
9638
7232
4247
4313
4616
4740
9634
2959
1004
6968
7976
7879
3032
8284
4647
2527
2821
8782
1713
0221
9741
4540
6353
9799
4649
1712
2181
2423
1812
1103
5358
4347
2676
8187
3616
8636
8387
1316
9840
5754
4547
4585
3931
5950
8285
5343
1636
4626
5737
4181
1007
2621
3236
8981
0331
5939
4045
8385
1646
4549
0119
7030
3646
2080
4989
9246
7545
2623
7270
1929
5054
6717
8184
7515
1918
7170
7313
7473
2171
8020
2826
3830
5030
1858
5646
4121
7282
7276
3534
2329
7072
3515
2927
5121
2737
9765
8487
3239
6169
6569
5181
8785
2023
8414
7646
3831
1383
9420
4648
6568
6967
7271
4282
6313
7872
6818
7484
6960
4349
8581
6020
4041
9468
1715
5650
3631
5363
4542
2427
0522
5878
9499
7274
5957
2535
5659
2825
8586
1319
7565
1525
5458
5131
3040
6063
8781
8182
4373
4046
3832
5956
8786
6360
3932
4942
4656
3979
9147
6269
9599
5464
8535
4745
3538
8482
6764
8485
8983
1979
3137
4979
5453
3626
6865
8189
1005
8939
4757
4878
3545
2126
1913
3037
8580
6848
8587
1718
5451
6362
4742
1838
1612
2131
5752
4131
2040
4148
6069
8582
5272
7476
2858
9234
5153
8489
6979
5954
1815
7969
9036
0226
4969
8969
1813
3676
5651
9517
2524
2725
3136
8212
1323
7372
2327
5242
7161
2919
4042
4049
7174
0115
2125
7252
3732
7071
7378
8616
4245
8060
5251
1418
2721
8565
2545
4575
3230
8474
3282
9567
8186
2353
7173
9531
3787
3836
3969
9357
1614
9631
3835
7151
7040
8141
4240
5457
8486
8980
4929
0113
6460
6762
7571
6454
8434
3834
8683
4640
5060
1617
3634
4232
7179
8161
3929
4767
4743
6939
3938
7939
3717
7675
3735
1757
8030
6162
3738
5717
8784
6525
3231
1454
5383
3141
5053
3430
1373
1009
3035
8086
5452
8689
5652
2979
6030
2520
1914
3414
4945
8083
3525
4346
7616
3767
9543
9516
0223
8082
1104
2484
7172
9399
3424
8584
2636
2421
5323
5657
4843
1959
2939
6838
6121
2989
4535
9456
7475
7383
5616
8717
4546
7828
4080
1006
1949
9852
1424
2628
7848
4020
5952
2428
9123
7121
5257
5750
4262
0911
4846
7374
2426
6828
6469
2838
4959
4212
8919
3949
3039
3439
6151
7079
3656
1318
9299
7353
2823
5156
5056
6264
5250
5459
3837
3484
1002
4050
3070
6181
4849
5450
8087
1417
3839
7626
1415
8171
4636
4868
7371
5747
8313
7479
6860
1282
1613
1210
8382
4828
4060
5828
8985
6367
3161
2324
8070
4641
6164
9099
6268
8121
6272
1868
0411
7573
9512
8656
2070
7572
5141
2474
0114
6252
0722
6763
7949
7242
5256
5759
3050
8151
0227
7671
1848
6768
7673
5040
2363
4838
0822
7175
4847
8959
7674
7871
7076
1519
8454
8583
8185
8589
5756
8386
3464
7454
7181
5854
4151
0211
4737
7323
3080
6261
5751
8737
7970
3132
8984
6760
2325
3936
3038
3435
8363
5848
5373
4939
1107
3757
7279
6467
7574
7212
6878
3828
2720
2616
1716
3686
6323
3989
7858
5262
9699
6861
6165
1915
3959
0511
4727
3739
2926
6260
5969
2521
1535
1516
3121
7464
8281
9864
6368
0422
9514
6862
5851
7343
3585
4143
3474
4515
5282
7470
5989
9024
5686
0112
4140
5150
6364
4746
7870
7131
2656
2526
6919
8515
2629
3151
3536
5232
8783
1814
2627
7978
0117
5424
7434
6863
2124
3532
8424
4340
2313
0311
2414
3919
7278
4272
4341
2523
6989
2726
3436
2383
1416
0116
7424
2050
6962
3034
4043
6282
6463
6929
8681
7080
8481
0811
7875
2724
5653
6061
5919
6737
6564
0121
3858
1916
6461
6265
7672
3020
6080
6065
2326
4145
5758
3262
0118
6858
1585
1109
6434
7570
2027
7275
4787
8323
6562
2434
8384
3437
3537
6373
5161
4919
8480
3734
9048
1626
2030
6585
2620
3635
0228
8979
4149
8131
6964
8286
6267
1969
6062
9513
1575
2454
2151
6168
2723
2025
6171
8289
8272
4845
1513
1989
6561
7471
9321
6484
6757
1619
7838
9758
8242
9872
2625
9754
1419
5356
1102
5171
5868
2924
8089
0711
1272
1917
3272
3848
4717
7176
7370
9432
7670
1939
5853
6575
2646
1618
7273
1912
5057
5354
5059
6761
8287
3818
6383
1312
3530
7178
5626
8183
0229
2373
7074
1413
5070
1676
5020
2767
5636
7379
2878
3731
5953
1317
8050
2824
8389
3637
9642
7576
1727
5767
2575
1737
9871
8687
9874
8626
2060
6343
4030
8380
8757
2161
2686
1514
6232
6869
7959
9345
1108
8280
5350
2528
8343
5058
8747
5949
8373
5414
4241
2029
1464
6462
8084
2747
3934
4643
6563
2928
9135
4645
0122
6263
8986
1714
5818
1878
2787
5253
1747
3138
4348
6212
7636
8081
4047
7478
5484
7973
4940
7974
7989
4252
3130
2969
9870
1003
5958
8949
0225
2129
1512
3134
4818
2320
5152
9199
1262
5158
5351
7874
5929
2949
8085
1105
7073
9750
3565
6067
2127
9752
4243
5052
9923
9211
1594
9661
9950
9920
1236
7890
9335
9774
9688
9971
3691
9771
9711
9155
9114
9331
9915
9677
9778
9957
9515
9443
9655
9877
9552
9916
5794
9433
9557
9964
9941
1478
9948
9558
7894
9921
9974
1598
3694
9330
9937
9755
9244
9223
9953
9952
9445
9611
9422
9883
9113
9441
9663
9144
9917
0222
9662
9766
9744
9912
9930
9009
1592
9940
9968
9932
9722
7891
9277
9117
9388
9931
9954
9788
9355
9938
9588
9978
1110
9822
9344
9055
9033
9448
9924
9972
9970
9022
9660
5791
9553
9227
9880
9122
7895
9945
9115
9118
9177
9011
9961
9958
9943
9947
9887
9477
9288
9773
9833
9455
9446
1593
9566
9967
9116
9775
9066
9855
9133
9550
9255
9770
1590
9633
9913
9885
9668
3695
9985
9776
9914
9332
9935
9336
9224
9551
9934
9963
9936
9984
9636
9440
9664
9554
7852
9556
9044
9077
9533
9411
9909
9112
9928
9442
9322
9983
9878
9511
9233
5796
9228
9975
9377
9225
9522
9844
5792
4569
3697
9918
9447
3698
9884
9925
7892
9334
9226
9366
9987
7893
9577
9976
9665
9965
9866
2580
9088
9960
0111
9488
9644
1596
5798
9881
5790
9882
9886
9962
9166
9973
1470
9622
9337
9544
9946
9986
9338
9982
9980
9811
9956
9188
9221
9926
5793
9667
9733
9757
9942
9466
9981
9311
9927
9772
9951
9220
9266
0707
1010
0303
0606
0505
0808
0202
0909
0404
0101
2699
3699
8992
1899
7410
3499
4699
8799
8990
8099
0765
3199
1036
0241
0579
6690
1190
1799
3996
1195
7794
0248
4199
6305
1995
4492
1192
9666
6692
5199
0489
6695
9988
8409
3998
1299
3799
2106
5993
9222
0364
6698
6990
8995
0368
0234
6694
0678
4208
4210
2290
0753
4203
4299
6308
8199
2105
1996
8299
8891
3995
5399
4990
0147
9933
4995
0365
4495
0975
5899
2996
4998
4799
1499
6210
4899
6304
8210
4490
0481
4992
0741
5099
0482
9955
7199
3396
6309
5994
0243
8894
7992
6998
5998
2993
3696
2799
3899
0987
8407
0963
4206
7995
0789
0876
2294
3599
7299
4493
9966
2103
3099
0543
2293
2998
0249
4207
5596
2899
2997
0159
9888
1992
0362
0487
5996
8401
0485
7994
6199
9111
5797
4997
6993
1194
2499
1197
1997
2297
6995
7991
2109
5299
0468
6691
7795
6693
8993
1048
8896
7210
8890
1699
7792
8996
0135
7599
0990
3394
2599
0951
0852
7899
2991
7790
5593
5699
0357
9922
5597
9333
7499
0247
3398
6599
8895
0345
0367
7998
6301
1998
8892
9444
3994
6697
5590
4497
9777
1595
9555
1993
3990
8699
4201
0258
4399
6799
4991
8994
6899
5594
2107
9977
2995
2990
4599
7996
7798
6991
6994
4491
5592
7793
5310
7699
4996
0456
9911
9944
2994
3397
3390
6307
0361
5591
2298
0642
8897
8399
3991
7399
1599
0864
0567
6099
2296
6992
2199
3997
8997
5991
3992
1399
6399
2108
4496
5997
7796
3395
4099
3391
7898
8405
1994
7993
7791
6299
6997
8402
8406
2099
4209
1193
0654
8403
3299
1990
4205
1196
8991
0245
0486
5210
8599
0432
4993
6302
5992
2295
0483
5499
1198
3392
0090
2104
2291
2399
8893
7990
4498
7099
5598
6499
8499
5799
5990
7705
5075
6236
6386
5085
1961
4900
6976
1451
0059
3163
5065
1200
8958
6756
2972
7004
2572
1066
2999
7927
2532
0988
4754
0774
0655
7387
3399
6276
8805
1761
0064
3200
2452
5745
8318
0772
7427
7327
0881
0075
8718
8968
4354
6009
1721
0049
7300
1033
6346
4724
8004
8748
3013
4406
1781
2042
1571
6008
6436
4764
4100
7702
8478
1671
7687
1241
0058
8158
4614
0014
6356
2942
3863
4005
1581
8638
4254
0866
5475
3304
7017
0442
8300
3913
3463
7487
8028
4264
5110
4408
8801
4001
0071
0766
0420
2009
1361
4403
0544
0045
0120
5015
8268
7917
2142
2812
7006
2001
8278
0029
6200
5375
8168
8728
2005
2632
6926
7867
8002
0087
7467
5900
2172
6076
4674
5002
2007
2162
5685
5507
6216
6110
0233
2352
0877
2132
0553
8438
1055
0443
0441
1371
3600
2700
0244
6005
2542
0886
4714
0552
4110
6001
3283
0577
0028
3563
8948
7527
0288
4834
2207
6376
2962
3110
1421
6056
4574
3073
0566
0054
8248
4410
4734
6608
7127
1871
6605
8348
1521
1651
5715
8404
4064
1281
0052
6004
8918
7047
0775
4800
6716
6176
6746
8568
0733
3005
3043
4924
7800
7367
0661
4624
5004
7967
4008
8804
5465
6604
5035
0788
0644
5265
2800
0073
0844
0662
7837
4984
2472
7257
0335
6146
0344
4364
0933
0885
4014
1971
8128
0210
0332
3301
0366
6100
0255
2072
4084
1851
0062
3983
1751
5300
0944
4954
3053
5275
8100
3483
3253
0966
0630
0466
7817
8658
0177
0334
7087
4202
4524
0155
2732
8810
3153
7317
2006
0355
7157
1600
7437
4184
5735
8218
1731
3763
5235
6516
1341
6700
1251
4407
0018
0063
5025
6500
6126
8618
6826
3173
5915
3873
7057
3973
3843
7587
4934
0433
4074
0069
3700
7709
2412
7517
5599
2562
3613
8038
2209
7637
3413
2205
0085
8200
7957
1561
0035
8928
3999
3308
0446
2900
4500
2312
7500
6946
3943
0053
6856
1481
5935
7701
7037
6300
0558
3002
5785
0669
0779
7617
1641
0554
1831
0012
8899
2500
8500
8900
7600
1300
7799
3800
6800
7247
5325
0016
1461
6999
8700
2782
0776
0015
1077
7703
4300
2952
5945
6900
2208
0771
6603
5145
2382
7400
7110
0242
8938
0883
6476
0037
5125
8148
0084
8238
6736
0533
3723
8001
5510
0557
8978
8005
3473
7847
8999
0166
5999
7217
5100
0032
0065
2612
7287
0039
0072
3783
1821
4034
5501
3263
5001
3143
3400
2752
7900
3623
3309
6936
2982
8758
2032
5835
0551
0089
7704
2362
0027
6726
2742
6156
3923
5875
3307
5365
2182
6816
2912
5600
0023
0067
4284
5825
2762
4405
3743
2372
8628
0133
0081
5725
2842
8368
6846
0887
6316
0455
8068
5635
3653
7547
8378
3813
5625
5185
6086
1681
8578
0688
8110
7067
4854
0017
0556
3900
4134
8003
2682
1981
5503
3513
0068
0051
4214
7167
4003
4174
0038
1381
1861
8518
0889
0663
2299
4914
4874
1921
1631
1400
0042
6601
8018
2100
4200
7027
0047
7008
7005
6303
7137
7857
2003
0488
6016
0078
8738
0057
2110
2052
5385
0083
6610
8358
2008
0277
1931
0338
7710
4600
4007
0677
1900
0559
3853
8428
3083
0778
0061
4999
0445
2712
3302
4814
3006
3823
8803
3001
4401
6046
0477
6003
7347
0144
5508
5003
2062
0086
4964
6486
2512
0074
0833
0667
4784
5009
6836
8809
0043
6956
3273
1044
5645
0082
6536
4534
5504
1541
3063
2600
1500
8006
6026
0884
1621
4634
0755
7100
5415
4584
7706
0041
7002
3007
3008
8138
8802
5175
7001
6607
7200
0882
5985
4499
0026
2652
0377
4164
2872
5615
0056
4374
3423
5509
7627
6699
8058
7009
0484
2201
0855
1271
0388
2400
5400
1088
0633
6416
7267
0363
6986
3306
0447
8538
5200
2004
1999
8078
3100
0744
2482
2862
0031
6526
6326
2300
1941
6256
5165
0013
4514
4402
2206
0588
8400
0079
0188
0021
6916
8807
2101
5865
0034
4274
6136
6007
6609
1431
3583
5008
0266
0449
3683
8418
6576
5700
2932
3310
2082
4974
1199
0046
5425
8806
3004
6286
5845
1230
6586
0337
5965
3713
4384
0076
5285
5245
8548
7237
3023
5485
4824
0336
7999
5045
0977
8178
5815
5502
5007
2152
0665
2204
5506
0019
0773
8328
3953
2672
6186
1261
4009
0668
5006
5215
0048
2203
0448
7708
4409
3673
4054
7947
6602
7457
7647
6400
5800
2210
0664
1700
3643
4314
0025
0955
1841
3243
4002
4124
4154
0036
8600
7187
3305
7937
3500
5925
8458
3009
7003
2832
4006
7827
3183
0339
0024
1800
8007
8009
3523
4700
6002
7000
9639
0002
9879
0009
0066
1124
1129
3000
1225
0022
0044
0777
1120
0008
1128
2200
0006
9159
3300
9519
0077
1011
0005
5500
1226
1100
1127
5000
1001
1229
0001
0888
6000
1228
0055
6600
0033
1126
1101
0444
1125
4000
1227
1220
0003
1224
9789
9369
1123
0088
7700
0004
4400
8000
0666
1223
0333
0555
0011
0220
0330
9759
9579
1130
8800
0110
0007
2369
1258
9559
9919
9989
1113
7897
9959
9969
9889
9949
3693
9779
1115
1112
1118
1222
9929
1114
1116
1119
1117
5795
9669
9339
9119
9939
9229
9449
9979
1591
1122
1212
6147
4951
2741
7642
3852
1235
4765
4630
7653
8246
3576
8527
3457
8640
2349
6785
8024
8645
2341
2292
6579
2456
5679
6321
1567
2975
7539
8531
1472
5369
2589
2584
2346
7532
8524
1765
3571
4123
3420
4135
8420
4531
1246
4561
5642
3450
2630
1840
4159
2467
3642
5673
8762
6542
3219
7530
8975
2348
5314
1963
6425
7543
5123
4320
4680
7420
4563
4685
7658
5995
4678
0240
1350
2463
3765
6423
6123
6784
7412
6427
7997
8408
6781
8135
7432
7416
4012
5430
4327
8769
8456
5741
3993
6548
1359
3217
1975
5024
4876
3864
7864
3570
5317
3459
4494
8234
7840
7650
1191
7538
5876
4568
3393
6048
5436
7963
3218
7456
2543
1543
3574
6741
7135
5595
2135
8761
2048
7419
8649
3741
2159
4329
8357
4579
1456
8951
6753
8579
4258
7418
2876
2465
0360
3654
5420
4753
6429
3567
1356
2864
8523
2765
6782
3840
1358
7659
8654
8630
7024
7036
4682
7345
2579
1432
2461
1579
8898
3451
3789
8520
1420
2357
2583
3458
7321
5431
1987
5671
1468
4325
2840
8369
6852
3468
8963
7258
3048
5012
1876
7369
1678
8345
3951
5864
7652
3147
4683
2147
1476
8998
4852
6345
4357
7123
8760
4681
5674
2654
5468
3159
6012
6531
4204
7012
5321
0840
1369
8012
6975
6783
4789
4560
1345
6306
3258
3214
4994
4369
8036
8321
5789
1475
8432
5672
8643
6421
2347
5312
1864
7536
2469
6549
6996
8526
5316
4975
5147
2987
3216
7630
1479
3246
5318
7048
1642
2951
5439
5036
1753
3452
1352
3012
4328
2531
7234
6840
2460
2753
4987
7468
2789
5840
1654
6432
7534
3024
5437
6159
6258
8647
1473
7951
1789
8529
5048
5234
3987
2586
5630
2587
5963
5319
4562
2036
1991
8521
1239
6951
4036
8147
3876
8159
0480
5246
4963
3975
7246
4326
2102
1852
5987
6541
6547
3572
3678
6135
6428
3215
2340
7651
8641
6540
1237
1238
6696
5670
6357
7159
8763
6780
3578
2567
1630
5438
8123
7797
8753
8741
4689
2963
2992
2678
6987
8567
6234
7415
4687
1354
7413
6024
8543
8764
8344
7116
8559
2248
2776
1733
5488
2113
6369
2811
2885
8122
4228
7044
2336
5447
4430
4733
2334
6033
6642
3319
5669
2577
6648
2557
3220
8466
7511
4429
8332
3225
3022
5562
5133
4246
6551
4427
8533
7221
2633
3329
4211
7783
3644
8775
2339
3277
4880
6613
3379
7112
6553
6933
2275
4188
4439
6229
5779
3432
2881
2766
1466
4469
4557
3557
1148
8557
2263
4311
5337
2779
7742
8832
2688
3887
8227
3361
6011
5582
2445
6855
7007
5881
8966
2377
8622
3341
6445
6117
8808
1773
3044
2464
6733
7911
5537
3077
7441
4711
6627
3477
5571
3155
8223
2388
8862
1335
7741
3112
3778
6689
5567
2214
4457
6334
8879
7443
5331
1446
4663
3255
8449
4881
7660
5338
1474
4642
2884
3327
7344
6330
2216
3722
2258
8933
6133
5811
2668
4122
8824
5177
8711
4533
4483
4722
3449
7740
2280
5512
2285
1776
6559
5022
2553
4221
3317
1152
4323
1558
5513
4088
4336
1180
2246
7244
3511
5988
1231
1136
6635
6977
7768
6778
8177
3346
3911
3122
3844
2270
2202
6468
1877
8873
6682
0300
7144
5889
0010
5422
3328
6774
6122
6722
5569
1577
2533
2230
4338
7720
3350
2433
7730
2219
5654
8827
5277
5334
3375
5448
8677
2253
2267
7734
4419
3177
5159
4225
1886
7229
4377
6550
3135
3347
7220
5536
2118
6558
7664
3667
8646
7758
7488
6322
7665
7114
8852
1855
2088
2116
8817
7721
7719
1377
3866
5336
6044
3362
8447
6623
2024
3788
5377
2273
6773
2115
8044
5077
3755
6088
7335
4489
1132
7118
6511
3221
3776
2441
7944
5221
3320
8911
1232
8225
6883
5951
5581
1880
7166
5521
6911
2044
4331
8511
4966
1337
4470
6844
8115
3531
4332
5339
6788
7663
2257
4345
8854
6477
6612
8522
8554
5526
7579
1477
6588
7331
5112
3348
6639
5587
6211
5882
8442
7223
6640
4480
7133
4770
7188
8334
2343
4048
1149
6772
6637
6554
6440
8767
7336
2755
2245
1668
6220
3775
7552
3966
5440
3559
6225
7155
5011
3566
6115
3227
5244
3266
7784
7782
4556
1966
7656
3551
7883
3881
1187
3370
6606
1170
5066
1154
3630
5226
2844
0030
4622
2331
3314
2977
7884
1887
5844
0600
4741
4977
1552
4229
7752
0050
6112
3372
8022
6077
1662
4669
3550
2855
7334
6770
5668
2177
7745
8366
5233
2420
8011
7748
7414
3244
2271
2119
8311
7022
8445
3665
5883
8831
1522
7339
1588
3378
1233
1977
5411
4771
7759
7535
3374
1633
7731
3226
7866
1944
6641
3117
8846
8857
2488
4432
1184
2744
5224
2544
2644
8244
2117
6448
2366
4471
1137
7786
2338
6683
8066
7644
8813
8455
4227
4463
4688
2771
7255
8166
2775
2330
7228
2240
4155
8825
1553
0800
6224
5344
6744
3312
5633
2877
5573
2955
1168
7760
6988
7728
4482
8377
2880
1388
8860
6422
5538
2447
8842
2774
3440
1288
6118
3303
1157
2585
8330
1774
1140
8633
3622
2661
4486
4476
2268
3011
5564
5886
2077
4772
6114
2833
2660
3349
5540
5589
8820
3885
5117
2466
1162
8566
1677
8655
8119
3382
7753
6344
2337
3325
3554
3354
5330
8155
4413
1182
2664
8233
2283
4877
1146
1844
8117
1772
5519
1139
6442
1336
1134
5733
2511
8336
2123
3575
6449
7751
2279
7880
4388
1566
0020
7113
1922
4066
6711
8477
4543
4431
8823
4233
7311
6621
1822
3324
3855
4766
5977
4855
4611
3229
7550
1143
5661
8863
3003
6652
7661
5517
8008
3386
1344
3448
8744
4822
1334
1322
7922
5388
2235
6377
5442
8446
3228
6887
3318
5778
0660
7732
5884
1355
3988
5531
4988
3552
8865
3447
3234
4479
7844
2667
4277
6233
0880
3660
0770
4778
4004
1366
4633
6223
5561
6424
5568
6811
6022
3387
8856
2287
4421
2773
6119
8544
5366
6787
7933
4668
3522
1135
5622
3422
1445
4775
3364
5534
8837
1955
3544
8112
5753
1159
4116
3882
2254
2788
4887
8849
8644
4418
7066
8033
3577
4475
4412
7743
3774
3357
4220
7440
2269
6672
7119
5477
4458
8829
2055
5574
8872
8789
5518
4337
8826
2218
5122
2311
7726
5044
3188
1178
1338
1622
6629
4428
2883
3114
4487
1175
6447
7718
4438
2440
1440
4550
2588
4886
1443
6337
8552
5449
3611
6864
8834
2448
1533
7668
3385
5311
7886
6643
5572
1722
6188
5033
5434
3340
3371
6657
4552
4435
1655
4667
3411
2144
6877
2236
2556
5662
4112
3288
3376
3367
4773
2449
8869
8841
8322
5446
3389
3977
5776
3556
2944
6765
6687
6681
8611
7225
3326
6433
1665
2033
8331
7466
5578
7233
3356
2239
1332
5527
7446
1775
2558
7388
5766
1744
7662
8339
4022
4655
5228
7714
3772
3166
2611
8766
5313
7522
1266
3922
6679
2321
6647
1755
7735
4456
8779
8224
4119
2886
1559
4565
4661
6221
5524
8853
6659
2665
6650
7355
3488
1882
3661
5584
4511
6488
1183
5322
1422
8226
6113
6881
6255
4415
6620
2260
8525
8771
7366
5113
5528
4468
6885
7761
4416
1669
3466
6671
8229
1339
6277
8977
8411
3211
4436
2234
6288
4426
7749
8221
5667
4467
5688
1442
5644
6624
8840
1145
1779
7955
1766
2238
6822
8113
7723
5576
4437
8875
7688
6833
2443
4577
2733
5880
3558
3321
7855
6567
7332
8116
8220
6155
6228
5611
2247
8874
5822
8847
7330
5944
4330
2663
2215
6441
2887
3384
2276
8843
1988
8859
6006
7633
8819
7739
1556
8669
7716
5505
5516
4423
7288
3342
8944
0500
7715
3368
3345
8443
4566
4481
4288
2237
5774
6544
2554
5922
7712
2669
2566
3116
4776
7588
7762
3315
8830
4755
5220
5744
3144
6533
3877
6654
7988
2133
2265
4779
8850
5773
5664
5866
4686
3669
5543
3036
6670
1688
1150
6339
1138
3884
8922
0400
4883
5852
3445
5542
4955
1147
1550
6144
5005
8845
8556
7713
4177
5677
3212
6673
5441
1158
7833
3766
5532
5266
2889
2559
4473
7442
8055
2933
1176
8755
2711
7322
4417
2550
5530
5580
2289
8722
3668
4465
3662
5227
8836
8661
3066
8662
6355
7544
6944
7738
6552
7338
7088
6645
6618
4420
7445
4339
2155
7211
2286
5541
4322
6678
3055
8266
8144
4551
6889
2250
0900
3771
7559
1557
7433
7224
1448
4788
1153
3688
1488
7122
7750
8733
6649
3360
4425
4113
8663
7533
4451
1244
7769
8337
8211
7558
3369
5443
2274
1788
7455
2217
5676
1165
6331
1179
6632
1160
6631
0700
6658
5539
7975
1455
5144
8864
8660
5433
0550
5663
1156
6177
2551
2335
6882
2066
5288
1833
6955
4226
5223
5770
2778
6674
3380
4559
8812
8441
2264
3770
7966
7226
5660
4460
8114
4866
6638
1884
4922
8133
5188
6771
7889
4840
2256
1330
8987
4450
4033
7655
0200
6628
6545
4266
1353
6653
4461
5711
1770
1554
2911
5911
4452
4558
2344
1664
4811
1660
1172
8665
3352
7622
5546
7611
4833
2278
1142
4662
4133
3889
8870
2114
4147
6338
7765
1189
8577
5560
3446
8816
3955
7729
6651
4588
8077
4459
4882
6880
5579
6332
3316
1778
3455
4472
8839
4223
7556
4335
6617
0080
3381
2231
3655
3880
4665
3811
5833
4011
6755
7881
7422
4404
3358
6680
2251
1173
6619
5520
0440
6963
4118
1866
8821
4166
2770
5229
7551
5586
3711
5118
2002
3224
6311
6634
7756
1277
8851
2966
7882
7055
5583
4933
8835
5466
2455
5877
8664
1644
7789
5523
8355
7754
3664
4453
2281
8440
7448
8776
4677
7011
1169
7266
3118
3677
6675
5788
2166
2011
1447
3886
6614
5933
3744
6684
1164
4255
4478
8955
0040
1544
4077
5456
2241
5332
8335
5549
8867
8774
3119
4889
3588
1174
2655
7763
7764
8773
6227
4055
4553
5563
7411
5088
1167
3359
6922
7033
5114
5772
1883
8772
2477
2284
8861
8277
7746
3822
8814
5722
6779
5966
7115
1667
2188
8770
3944
6625
7678
4911
1449
8815
5357
2355
1255
3454
4522
8550
6411
8876
1889
5514
1163
0100
5258
3351
3365
3442
6775
6685
6443
6455
7724
7876
4462
6335
5529
7736
5570
6615
5211
6557
4885
5119
7811
5166
5547
4366
7725
6577
6884
3088
7785
2988
6388
6522
7669
7554
8422
7822
2261
6630
2213
2259
7566
2249
5771
1933
8255
1433
0070
7781
2446
8667
6055
7885
1186
8551
1185
2866
7707
1663
8433
1885
3115
5116
7780
3779
2677
4660
3441
6244
7553
2411
5887
5548
4117
0060
2243
4485
7449
8871
4115
4355
8553
8833
5522
5556
1221
6662
5666
3344
8666
6555
2229
1188
8444
6668
2223
2777
7666
3337
6677
2220
3331
7333
3222
7111
5511
4449
5577
6655
4466
3332
8866
7222
8777
1555
3334
8855
2228
2227
7733
5566
5558
5559
4411
4666
1155
2333
7722
7774
2555
3555
3888
4441
5888
8111
5222
2444
2666
6777
7788
1144
2266
8555
4111
6688
5588
7770
5553
8883
7771
7778
6333
6622
8880
2888
4777
1133
7773
7711
4222
8877
1666
2211
6667
1777
1131
3111
3355
6665
1121
2244
5777
7444
4442
7888
4440
6661
6444
7776
4433
3311
3322
2111
4445
4888
5111
5550
4333
7744
4448
5554
8884
3777
8222
8822
4447
4455
3336
6660
5544
7775
2224
8844
5533
2225
6669
5333
8885
1211
4488
4443
5551
2277
9000
7772
6222
3338
3366
2221
7779
1177
8889
6611
4446
3388
1333
4422
7766
5552
2288
4555
6111
6633
8887
1166
3335
3666
7755
3339
3330
8881
8882
6664
8886
3377
1888
2233
2255
8333
5557
6888
2226
8811
3444
4477
5444
6663
7555
1444
6644
4949
5050
8989
1515
3232
3838
2323
7878
5454
7474
1818
6969
2929
8787
2020
2121
8181
8080
1919
7979
4242
7676
5252
6868
7171
6565
6262
5656
3535
1616
3434
2828
1717
6464
4545
7272
8282
2727
4747
1313
5151
6161
8383
3030
4343
4040
7575
2424
3636
3131
3737
8686
6363
8585
7373
4848
8484
6060
5959
7070
5858
6767
3939
4646
1414
5353
5757
2525
4141
2626
6876
4564
8528
8258
3453
7357
5675
7147
2462
6036
2432
8678
4684
4864
4234
5435
8768
1951
5315
7657
3753
7987
5345
3573
7567
1531
8048
1351
6546
5765
3123
6786
4324
4024
6456
2012
8468
5975
3963
2342
2642
2582
1321
3213
8648
5135
3543
6246
7417
6426
2852
1471
1741
7537
4654
4944
6636
2622
7477
7727
5255
6446
5575
1911
8388
1331
7557
3363
4464
6766
3733
7077
3773
7877
8878
7757
8488
2772
1151
8858
5055
5445
7577
5855
4434
7787
8838
2242
7767
4114
4474
5955
6566
7717
8188
3113
2112
1811
4484
2252
5525
8448
2212
4544
8558
4884
2522
6616
1311
6626
6556
4344
3553
1171
1881
8848
2882
5665
8778
3383
2262
4844
8688
6226
4244
5335
7377
7747
5115
7447
7117
2442
8828
5355
6336
8118
2422
1511
8288
3343
4554
5455
2022
2332
1411
6966
7227
3633
5155
4044
5545
5755
3373
5565
6266
4144
3233
6366
4454
6676
7277
3033
3533
1611
6646
6166
8668
2722
3223
3663
8988
2822
7977
4664
3443
6776
7677
3323
7887
6466
3933
3133
1441
2322
2232
8818
4224
3883
4414
4424
5655
2552
5585
5225
3353
1161
5515
6686
4774
2282
1551
1771
6866
6116
8868
7177
7737
1711
2922
1141
7667
6886
1181
6656
6066
4644
5775
8788
3313
5535
3833
4334
2662
8228
5885
8338
7337
4744
2122
2272
1661
8588
3433
8088
2000
1000
9876
3210
6543
5432
4321
8765
7654
9999
0123
1111
2222
8888
5555
3333
4444
7777
6666
2345
6789
5678
1234
4567
3456
0000
